                    50
                30       20
             15    10  8    16
           ======================
        [50, 30, 20, 15, 10, 8, 16]

Delete 50 from above BT. Use apples in bazaar example


                    16
                30       20
             15    10  8
           ======================
           [16, 30, 20, 15, 10, 8]             50 removed


                     30
                16       20
             15    10  8
           ======================
           [30, 16, 20, 15, 10, 8]